#doc name topic proportion ...
0	file:/C:/Users/802925/Downloads/mallet-2.0.8RC3/kek/01.creativecdn.com	0.006631105707714588	0.004168009284231706	0.002579141359890251	0.003143143387327831	0.00683263784918931	0.0013944158978659107	0.0443849304061803	0.049994004341187205	0.002166481027881122	0.03960306787198622	0.004694875531981294	0.0013027987911510002	0.009078136689162172	0.002808883445773965	0.004736666912331129	0.14201599108997817	0.13416596945100684	0.004890817369995516	0.00353550825759746	0.0891056238540219	5.357468634126953E-4	0.4203358266621737	0.005694806848347737	0.0013445948078152465	0.014856816291797161
1	file:/C:/Users/802925/Downloads/mallet-2.0.8RC3/kek/1000.menu	0.08989802959902067	4.938317305127381E-5	3.05580375218947E-5	3.724041460478388E-5	0.015923344075474542	2.9204106606245785E-4	0.14724018642796494	1.7905640974149518E-4	2.566877859819263E-5	0.12197346614609227	5.562556007903908E-5	1.5435747323739313E-5	0.17933320594018792	0.059407802577297775	0.008734995232213561	0.07648625865743335	0.0343764769939867	5.7947107137786726E-5	0.08903479303724178	2.2917675995399856E-4	6.347605838517971E-6	0.13902059468059286	0.03740040932530669	1.593095253635555E-5	1.7602569473739615E-4
2	file:/C:/Users/802925/Downloads/mallet-2.0.8RC3/kek/101.ru	0.0024603794367616975	0.06067054959551677	0.03190001667700112	0.08757501122307873	0.002026340308881299	0.001378056475783769	0.15318749077876004	0.0018991875437227661	0.07340366971195904	0.05936649749495684	0.00503699528747125	4.949111935994009E-5	0.11253539114993065	1.0670472434207738E-4	0.0032718029009256785	9.460704008215797E-5	0.04440759226461359	0.16802989104596758	1.3430797016646077E-4	0.0011764967578225482	2.0352115878497198E-5	0.13257532411833298	0.057194990108251055	0.0013761638569610558	1.226902934730328E-4
3	file:/C:/Users/802925/Downloads/mallet-2.0.8RC3/kek/1opt.net	0.008338637241642634	0.0561683075877068	1.4968681011313517E-5	0.0012328983941242249	0.06387659620968208	8.09283550597914E-6	0.1845479653828697	8.770976469058632E-5	1.2573705314390014E-5	4.997697834635059E-4	0.02755945934113702	7.561113101413721E-6	0.004776350932043605	1.630204569304366E-5	0.06609130177292397	1.4453795741589055E-5	0.09187789434160525	3.657896135140116E-4	0.04718967561837752	0.02238096139246404	3.1093386450045667E-6	0.39274910854533246	0.018185416131381613	7.80368656044168E-6	0.013987292745467141
4	file:/C:/Users/802925/Downloads/mallet-2.0.8RC3/kek/5koleso.com	0.002249713832028665	0.06211764466055583	0.014644322152326882	3.8728676099627975E-4	0.18851943175232666	1.718148840245326E-4	0.0040362976382329165	4.294685388360358E-4	0.10198530669536367	0.0020144408622503355	5.784855840151576E-4	1.605261554687432E-4	0.0011185751717220035	0.18372568038223044	0.14241627881297902	3.0686120300117806E-4	0.00363756883071163	6.026288286708527E-4	4.3563254132182773E-4	0.02387314943375053	6.60127909791021E-5	0.2652575526685606	7.016935045623453E-4	1.6567610948665522E-4	3.9795020559788843E-4
5	file:/C:/Users/802925/Downloads/mallet-2.0.8RC3/kek/activefisher.ru	0.06515250890282816	0.13331517526067088	1.3036784895810869E-5	1.5887645739211027E-5	9.330858427248168E-5	7.048353532879022E-6	0.029081233729621334	1.351613711676955E-4	1.0950910865367715E-5	2.3866656152024575E-5	3.7636109894301613E-4	6.585256576816999E-6	0.035191335279334504	0.003422953890655978	0.2453368187776771	0.007770446444529476	0.18768956602807677	0.021241288062723976	0.01606253198724647	0.06862551873499716	2.708039476057985E-6	0.11561273177937752	0.02118658033583252	0.0496100709931042	1.632509170238891E-5
6	file:/C:/Users/802925/Downloads/mallet-2.0.8RC3/kek/ad-emea.doubleclick.net	0.0074061122042256835	0.004655142865745887	0.0028805769571255586	0.003510496382743208	0.007631198293681809	0.0015573874183511256	0.036586348116422494	0.0038928460869861676	0.0024196871966837884	0.005273519529899769	0.0052435862897307	0.7936037692161649	0.036111227202728	0.003137170011298731	0.0052902620125562716	0.002781492298803916	0.007000048466489791	0.005462428712367285	0.003948718661545463	0.008617479525954746	5.983619562692654E-4	0.04092285969637838	0.006360383978072983	0.0015017435183266121	0.0036071534014474687
7	file:/C:/Users/802925/Downloads/mallet-2.0.8RC3/kek/ads.travelaudience.com	0.009665384134284331	0.006075217706225843	0.00375931150531324	0.021528893820395432	0.009959133872053097	0.0020324763153974903	0.04774719837678247	0.005080378445373657	0.003157824995874954	0.00688223329468998	0.006843168768439248	0.6459040427411727	0.013232133853968287	0.004094179566501658	0.023851585943710108	0.003630000571575757	0.009135448602659338	0.007128770177293562	0.005153295230968522	0.04514129075007693	7.808952928615472E-4	0.05340658471434445	0.008300651231633642	0.0019598579626590898	0.05555004212574386
8	file:/C:/Users/802925/Downloads/mallet-2.0.8RC3/kek/adv.vz.ru	0.10406939620064354	0.002560414510233838	0.0015843705019540268	0.0019308378143747743	0.004197299933668932	8.565918295104608E-4	0.1344041928733998	0.0021411372098951373	0.0013308726256725807	0.5671630990858004	0.03859688988870521	8.003113000246108E-4	0.07700235458796686	0.00886806554498394	0.0029097417652975957	0.0015298721107714296	0.003850155877669032	0.0030044366283959725	0.002171868157312112	0.004739772818199472	3.291101217273283E-4	0.029650892396715662	0.0034983286008146023	8.259866573089548E-4	0.001984000958953513
9	file:/C:/Users/802925/Downloads/mallet-2.0.8RC3/kek/adv.zarabotki.ru	0.010538608380437684	0.0024057645613585394	0.008199824666888228	0.001814214522292165	0.003943781521879853	8.04853377743644E-4	0.02561887110796983	0.008722962467254252	0.0012504874447977067	0.009436490566297504	0.25773359734451895	7.519722122954812E-4	0.00523987785069938	0.0016212805178708438	0.06984549940448373	0.0014374672900789632	0.0036176050905743803	0.002822967585347127	0.015462987962371359	0.011164639558738948	3.092317530897336E-4	0.1956387356261328	0.35897801582403693	7.760967688499012E-4	0.0018641665939925511
10	file:/C:/Users/802925/Downloads/mallet-2.0.8RC3/kek/ak74m.com	0.04218447642999751	0.14082797573899844	1.0331643059808709E-4	0.0029204991197184214	0.15211307520157624	5.585815325099631E-5	0.10797239814134994	0.010386451725016387	5.525508326842877E-4	0.008107147056018227	1.8806948297213266E-4	5.218811306060078E-5	0.001760950992300442	1.1251954472001895E-4	0.15063181901569114	9.976260323044807E-5	0.1073770038338838	0.054224651584562446	0.042526236503273036	0.03244686029943441	2.146119421475833E-5	0.14445759923603718	6.93890130881262E-4	5.386239711579963E-5	1.293762394146156E-4
11	file:/C:/Users/802925/Downloads/mallet-2.0.8RC3/kek/alexfitness.ru	0.02671854133799665	0.023199418969808417	8.249940794345479E-4	0.012336433174190245	0.0017472221893193379	8.097725237134696E-5	0.19501434091602252	2.0241076582115918E-4	1.2581302409199506E-4	2.741996736496314E-4	2.726432776527836E-4	7.508736434446317E-4	0.002552840805107414	8.383357825070656E-4	2.750702086413895E-4	1.4462528796314E-4	0.007791356642238556	2.840221149790553E-4	0.0029061832036401765	0.38059514485037665	3.11121732276027E-5	0.3302831858860949	3.307118142230723E-4	7.808401586377223E-5	0.01234145891133493
12	file:/C:/Users/802925/Downloads/mallet-2.0.8RC3/kek/alitrack.ru	0.05169731306269029	0.22967649184371883	4.973557942331534E-5	2.8482662503148443E-4	0.03578193735177179	2.688960121224014E-5	0.13134901447292652	5.156431715641193E-4	0.0016112826361210067	0.00973229493171941	0.01668244180423582	2.5122877620266225E-5	0.061161529287401664	0.061713279297630326	0.06466524869132084	0.04242465184355078	0.012676899355996646	0.01018398652315374	0.002086112563800129	0.0026151525553807357	1.0331221502798135E-5	0.23142375921124875	0.033517846096713724	2.5928862564988795E-5	6.228053169903657E-5
13	file:/C:/Users/802925/Downloads/mallet-2.0.8RC3/kek/allram.ru	0.016241213720651345	0.005074242370021148	0.0157161252480128	4.2391114949634834E-5	0.2111629972264498	1.8806283178918434E-5	0.06771475145420541	4.7008191424402935E-5	2.9219012616280866E-5	6.368055915968111E-5	6.331909932993746E-5	1.7570656666375986E-5	1.2243550118339953E-4	3.788300002793074E-5	0.27542822623122415	3.358800206994715E-5	2.4134272378418007E-4	0.0038294835172397027	4.768288254282087E-5	4.176874733921861E-4	7.2255395545736605E-6	0.30000777358942626	2.336184341392817E-4	0.02338333206478941	0.0800183961039604
14	file:/C:/Users/802925/Downloads/mallet-2.0.8RC3/kek/alparis.ru	0.004124743965098448	5.000313148536124E-5	3.094166441179075E-5	0.0011536227866975762	0.13915285910069977	1.672864831420828E-5	0.10487051982489459	4.181493465478296E-5	0.0018393526638600048	6.146028402313564E-4	0.026140833606358237	1.5629528345664713E-5	0.01377886633523573	4.5216592436934954E-4	3.3580396571102246E-4	0.03308885490877952	0.0013305951030279986	4.77142647945884E-4	4.2415088886927346E-5	0.02729298907286957	6.427293949522218E-6	0.5985699340816081	6.831994753441567E-5	0.030843278802069125	0.015661554132961195
15	file:/C:/Users/802925/Downloads/mallet-2.0.8RC3/kek/amovies.org	0.004228821716433535	1.1170835002291311E-4	6.912451631985754E-5	0.05555313472174541	0.0195037501029367	3.737225341258632E-5	0.1828657864350577	0.02720461678432653	0.17487856822107364	0.002619531395014177	7.49075088154053E-4	3.465397906434051E-4	0.08313502474920796	0.004438003932601408	1.2694915229349618E-4	6.899928074894632E-4	1.6797848891512052E-4	0.181184044181704	9.475645734349595E-5	0.02513663167595193	1.4358748760036636E-5	0.13934262852504464	0.09737900492801016	3.603698005152216E-5	8.655999748584977E-5
16	file:/C:/Users/802925/Downloads/mallet-2.0.8RC3/kek/andyshop.ru	0.011852350947930922	1.5697617693948362E-4	2.563217271347677E-5	3.12373704753576E-5	0.5873104082464348	1.3858065201217865E-5	0.03360494175274349	1.5019304877352278E-4	0.00395034748359348	1.624786640083909E-4	1.6221230973516464E-4	1.2947550741116481E-5	0.02528086742514676	0.01528096745374627	0.09179649333705793	0.014700035411898996	6.228837276918955E-5	0.0064040445577556535	3.51367938562769E-5	0.001001108119601295	5.324390646925224E-6	0.09823789357707276	5.659646073565774E-5	0.10539808614943914	0.004307574160982876
17	file:/C:/Users/802925/Downloads/mallet-2.0.8RC3/kek/api.retailrocket.net	0.0022190678239958662	0.0013948043811146424	8.630973260780563E-4	0.0010518379082556427	0.002286509591682853	0.004357598243602647	0.018744168400588908	0.0011664000297579044	0.004615966148377973	0.005471050075152039	0.0015711176521533412	4.3597538721491406E-4	0.010819882302735914	0.0398496157129615	0.5969025382690792	8.334089320772567E-4	0.2316642544958878	0.0016366886515126362	0.01674699545479152	0.006472989260969543	1.7928512661511477E-4	0.03560735690834645	0.00190573988683935	0.012122853113227552	0.001080798916981329
18	file:/C:/Users/802925/Downloads/mallet-2.0.8RC3/kek/aps-spb.ru	0.0246375441601886	2.208178590001291E-4	0.0013364455939848063	0.005570594341611771	0.038131896471432204	1.949409360884636E-5	0.17357223050167406	0.0010240191198621598	3.5538487811563715E-4	2.2855818901339244E-4	2.2818350935501316E-4	1.8213275986782876E-5	0.005165920387600494	0.018894907605425223	6.62191447503043E-5	0.01742751800872413	0.009515440390950723	6.837418576507983E-5	3.7452403524228386E-4	0.01359940138337916	7.489802376749157E-6	0.6271371413132983	7.961405055399438E-5	0.024401089520776797	0.03791897817732326
19	file:/C:/Users/802925/Downloads/mallet-2.0.8RC3/kek/arborio.ru	0.043980198395695114	4.342935557870546E-4	7.091450210674474E-5	0.0013651919893598826	0.005302946176660438	3.8340011394760565E-5	0.19463434817105577	4.155272123329768E-4	6.989532598887251E-4	0.1369582176124438	0.05799343132454585	3.582096315328502E-5	0.03477639774968367	7.723135076295868E-5	0.0014090065429661275	0.05121927644232037	0.10055577570591064	4.541674472758293E-4	0.16346008158773123	0.04241155749107541	1.4730569896245676E-5	0.12504813843836676	0.03372429424732676	3.697016100567274E-5	0.004884189091253541
20	file:/C:/Users/802925/Downloads/mallet-2.0.8RC3/kek/artkvartal.ru	0.06609292611182263	0.07648494983447048	3.211071011202699E-5	1.8389220141035493E-4	9.536248726539822E-4	1.7360694286985267E-5	0.04007196421335133	4.339479696966236E-5	2.6973024949845023E-5	6.378239183919628E-4	5.845192883336758E-5	1.6097962563878723E-4	5.473029459874961E-4	3.497103472822339E-5	0.10804961783315314	1.757657603680656E-4	0.2662908967186328	0.018445357910432867	0.07068669195671849	0.16642481754195199	0.04082887128148562	0.1408729713589411	7.090122887217843E-5	1.6149999253135648E-4	0.002645882503305192
21	file:/C:/Users/802925/Downloads/mallet-2.0.8RC3/kek/autodrim.ru	0.0015994424327915617	0.05622784679544053	1.3803371319252386E-4	7.904939909227199E-4	0.03334626918345448	7.462809410543868E-5	0.2002589973706915	1.865404077972931E-4	1.159484414038912E-4	8.749758968285523E-4	2.5126622089596514E-4	6.972481519700655E-5	4.85855073925712E-4	0.025663617121013567	0.10043982806294492	1.332856979469264E-4	0.15714881230500463	8.840281930526307E-4	0.12339972948804	0.05952909366520407	2.8672770728336132E-5	0.20980092736141115	0.028307170826450262	7.196170669374408E-5	1.7285036486360182E-4
22	file:/C:/Users/802925/Downloads/mallet-2.0.8RC3/kek/autogener.ru	0.14479395770460374	0.0095221786938933	1.037513442451961E-4	5.941650940128742E-4	0.14947932066621786	5.609328984069973E-5	0.1416354281902333	1.4021080515324756E-4	0.0010226024032271947	0.03480163302775477	6.565867582225198E-4	5.240780050484881E-5	0.02562236891293521	0.09833536732167873	0.07034938097160762	0.007583792013887686	2.521246434271823E-4	0.0011321945186754288	6.099487898420933E-4	0.014809873881372476	2.155153576249883E-5	0.23065948104382236	0.004906341401962363	0.06272931833450082	1.2992085261705912E-4
23	file:/C:/Users/802925/Downloads/mallet-2.0.8RC3/kek/aviabilet-buy.ru	0.03329212367525716	0.02978853552677117	3.082556876527328E-5	3.75664491027785E-5	8.166281660395551E-5	0.05310167076070775	0.1786848711343225	4.165804161217783E-5	2.589350507971042E-5	5.64328748453747E-5	0.03743796153982166	1.5570885081556346E-5	0.0027488543783474686	3.357141689008762E-5	3.345440018647499E-4	0.3580061332303359	0.003549058303527539	3.3638638848489794E-4	4.225594401673259E-5	0.06665692225991204	6.403178218820179E-6	0.23445663544514767	3.459955682440706E-4	1.6070425744908376E-5	8.72396681294107E-4
24	file:/C:/Users/802925/Downloads/mallet-2.0.8RC3/kek/avto-russia.ru	0.025357178686989536	0.002001381788314067	4.75153601561358E-4	5.781181596818824E-5	7.672458705591606E-4	0.23206129062559397	0.12913101310693403	0.0015611126049343469	4.675635427470941E-4	0.0024392808558262365	0.07194255198212487	2.3962369728741907E-5	0.1257014649157391	0.008605973199655115	0.06231972254800734	0.11339040625334845	0.003964717956566054	9.453877146762207E-4	7.066017873331559E-4	1.4191501319104718E-4	9.85398858926393E-6	0.18908259393980925	0.02683696149744242	0.001949450744133713	5.9403590226903715E-5
25	file:/C:/Users/802925/Downloads/mallet-2.0.8RC3/kek/avtoexperts.ru	0.03448668412088897	2.899618082071484E-4	4.734700062891023E-5	5.770075818678603E-5	0.023818038271468892	2.5598213196049513E-5	0.19483804480451658	0.03165412800550216	0.0023876875342433504	0.001794254212691784	0.05857064031335384	2.391633748473356E-5	0.05950489437277595	0.21840775362119724	0.0017945294028181606	0.057462937214943985	0.012068084231459329	0.0013704654242163226	2.7835056929967247E-4	0.047313409536606905	0.0034249856214145637	0.24827105001540742	7.448840593651636E-4	2.468361455533671E-5	0.001339970935570347
26	file:/C:/Users/802925/Downloads/mallet-2.0.8RC3/kek/avtoholder.ru	0.029992725549572226	0.1465359835320265	3.236369769490586E-5	3.9440933320362444E-5	0.004754540237858813	1.63397554332192E-4	0.008581457491540158	4.3736687409225146E-5	2.718553474365481E-5	5.9248752730482586E-5	2.0481253046102845E-4	4.5404808443482667E-4	0.06970825379850183	3.52465576772893E-5	0.5960612718364234	3.125046726369231E-5	0.044286371401123376	0.011295677488828265	0.011278670738023933	3.88618789724798E-4	6.722682904523038E-6	0.07589011662784104	7.145983160793031E-5	1.6872305085334444E-5	4.0526888870238486E-5
27	file:/C:/Users/802925/Downloads/mallet-2.0.8RC3/kek/az315059.vo.msecnd.net	0.040719950464166196	0.025594695525762365	0.015837857673212885	0.019301252110166124	0.04195750859994448	0.008562756920235426	0.20115740106063162	0.021403469925321366	0.013303814480629029	0.028994626074772333	0.02883004849029812	0.008000159336734203	0.05574655156824776	0.017248645974451304	0.029086678834117644	0.01529307489550746	0.038487349224818855	0.03003327798014238	0.021710665982526904	0.0473802353713504	0.0032898865892180312	0.22500021249175392	0.034970374925245455	0.008256818150993122	0.019832687349751854
28	file:/C:/Users/802925/Downloads/mallet-2.0.8RC3/kek/banners.intiaffiliates.com	0.0139081291787392	0.008742012885699868	0.02979633753435	0.006592451724513654	0.014330824153128986	0.00292465801198798	0.3613483800257696	0.031697303848864974	0.00454399301220659	0.009903278376825279	0.009847065972863575	0.19782712163230431	0.019040549697198955	0.0058913725001242066	0.00993471951694554	0.005223436147694404	0.013145571609599194	0.03464486355475893	0.00741540064758097	0.04056981487480831	0.001123679354829073	0.0768500939934324	0.011944329164085471	0.07598064614809337	0.006773966433594574
29	file:/C:/Users/802925/Downloads/mallet-2.0.8RC3/kek/base.garant.ru	0.07363418769067367	3.284821297034324E-5	2.0326294615227137E-5	0.06700906657441473	0.0029861292904698623	1.0262321877040936E-4	0.1333104181512153	2.7469197189848232E-5	1.7074105489466334E-5	0.08873871361069302	0.1349219290163515	1.026739847032806E-5	0.0703546566317612	0.0315441582460761	3.732982171955774E-5	0.023936044479876045	0.0027984081245702587	0.029911157939439263	0.0018605391120770799	0.002443286116016511	4.222237972010066E-6	0.3142261056097159	0.012598709221789602	0.009357242658662546	1.1708703899976452E-4
30	file:/C:/Users/802925/Downloads/mallet-2.0.8RC3/kek/beautydrugs.ru	0.02119807469531632	0.06480200118395352	5.764569615316305E-5	7.02515540596169E-5	1.5271445431580714E-4	3.1166215396173085E-5	0.07791499777542191	5.976528259265452E-4	8.280470518452046E-4	0.0175171493462265	1.0493390265550617E-4	0.035891850841685356	0.008518898899992083	6.278059983948523E-5	0.023754481322345432	5.56628280708088E-5	0.011054828597680505	0.01310305694594739	0.6562630729894723	9.520763899782409E-4	1.197433432055564E-5	0.06604753531618213	3.8715797106912795E-4	3.005267758713955E-5	5.919355845582818E-4
31	file:/C:/Users/802925/Downloads/mallet-2.0.8RC3/kek/bellavilla.ru	0.005277225594946931	0.04361369058804817	1.1074405084105199E-4	0.02409894656748675	0.10563506709811427	5.987390512531065E-5	0.04933453598980807	0.002146659599434985	9.302510084520955E-5	0.0026989894110059135	2.0159016589469593E-4	5.594001856843813E-5	8.890498193248781E-4	6.198584866129878E-4	2.0338461842923122E-4	1.0693473187403158E-4	0.16302451703838217	0.0037047514257705317	1.5180885868349344E-4	0.19204318145003757	2.300408143671285E-5	0.36103306125303597	0.010728769084933396	0.03400671371108401	1.3867735027638074E-4
32	file:/C:/Users/802925/Downloads/mallet-2.0.8RC3/kek/bestpie.ru	0.0897842679476048	0.23112246655885393	0.0015843705019540275	0.001930837814374775	0.025624992313227065	8.565918295104612E-4	0.09869137224080297	0.016426265462933895	0.0013308726256725813	0.0029005330907698004	0.002884069256108323	0.00794287542654399	0.027004405702331247	0.001725501418464565	0.06005025477745262	0.00152987211077143	0.1324163101550178	0.0030044366283959734	0.002171868157312113	0.011882336944718856	3.2911012172732844E-4	0.27249807269837456	0.0034983286008146036	8.259866573089551E-4	0.001984000958953514
33	file:/C:/Users/802925/Downloads/mallet-2.0.8RC3/kek/bestspb.ru	0.029840937539087075	0.08894310252549163	3.835738363773364E-5	0.0474269507165221	7.932978628927501E-4	2.0737965889265378E-5	0.03368790687389657	0.0771743607585827	3.22202362470911E-5	4.160624073849118E-4	0.023932846066961826	1.937542230608134E-5	3.07931891003764E-4	4.177414297594601E-5	7.044443268831746E-5	3.7037985368419724E-5	0.07341148578720459	0.028777532959348512	0.2950548814474603	0.11251304672562464	7.967709057059085E-6	0.09824498201197926	8.469403593844193E-5	0.08578854403628294	0.0033335210761679503
34	file:/C:/Users/802925/Downloads/mallet-2.0.8RC3/kek/bloknot.ru	0.006716662056474321	1.0663046502257677E-4	1.7411371261963558E-5	0.05363186972971658	1.2461894674801587E-4	9.413478946481922E-6	0.14299972822881135	0.045549412080079794	6.425687692910612E-4	0.05191568234860786	0.2504240461527225	8.794986496332496E-6	0.0905635990388746	0.08267198628682251	3.197648156763507E-5	0.02497755474310229	0.020136493585921584	3.301712667935181E-5	4.163321526445552E-4	0.07414938536502706	3.6167414808577426E-6	0.10260209622847863	0.04501487657455305	9.077144727257603E-6	0.007243149915941102
35	file:/C:/Users/802925/Downloads/mallet-2.0.8RC3/kek/booking.izhavia.su	0.0013678617766081432	0.001183332700787082	1.9322287467717203E-4	0.0856009030897697	5.118842834208152E-4	1.044661810598339E-4	0.21064124490048697	2.611236994528459E-4	1.6230738595830898E-4	0.0012248120705312332	0.0029649557763894575	9.76024546257723E-5	6.801114879049752E-4	0.03592454162136607	0.0029680866829669334	0.22056874919625194	0.0013406238989623473	3.6640790863506315E-4	2.648715109616676E-4	0.08681454425952197	4.013682640965604E-5	0.3433356475020684	0.0030398681508846176	1.0073370854442697E-4	2.419600517546037E-4
36	file:/C:/Users/802925/Downloads/mallet-2.0.8RC3/kek/bookmail.ru	0.0063148921139446045	0.014237191679705247	4.656319724035883E-4	1.0302126212397575E-4	2.2395000422108078E-4	4.570408283091789E-5	0.2868962313971945	0.017644691374602593	0.01798255584262666	0.02835591784808516	0.0020593652562590275	4.270119406549592E-5	0.03421515830198492	0.005427419564463374	0.022258861554215633	8.162744409010815E-5	0.10005277031136725	5.414006379830568E-4	0.1918075352122373	0.00825592530489065	1.7559910970100595E-5	0.22719130731350898	0.034104264566819135	4.407112151006156E-5	0.0016302447278968755
37	file:/C:/Users/802925/Downloads/mallet-2.0.8RC3/kek/bookza.ru	0.05379153370146233	2.3353185377706756E-4	0.0034018250371240888	1.7610903716235444E-4	0.069437946117569	7.812855187170389E-5	0.255254653364873	0.04710065211133131	0.09458357432191973	0.06736527973207147	0.010686465722420834	7.299528289128981E-5	0.0767298574640804	0.015792501242214776	0.007431490473700253	1.395375118529765E-4	0.007517264339651419	2.7403049489863865E-4	0.10638662084665594	0.004992551623940918	3.0017677417692833E-5	0.15123806294277273	0.027029075477955654	7.533709659334298E-5	1.8095797379213366E-4
38	file:/C:/Users/802925/Downloads/mallet-2.0.8RC3/kek/boombate.com	0.046192892490842984	0.00484035453417142	6.990878297072184E-5	8.51963108062875E-5	1.8520171245551303E-4	3.52954853040601E-4	0.13073325183920467	9.447556384853685E-5	5.872343964689572E-5	0.022189084100755097	1.2725670633803446E-4	0.0012959472850266691	0.005918921493780315	0.009215735007724017	0.0010738652351824224	0.011728371737124408	0.009624641871398007	1.325677977119495E-4	0.03791486172621913	0.5057235079945455	0.011675389300763691	0.16361498756132167	1.543602930078494E-4	3.644584514247618E-5	0.03696109651697066
39	file:/C:/Users/802925/Downloads/mallet-2.0.8RC3/kek/brokerkf.ru	2.128947875450833E-4	0.0011331976990844267	3.0073318486354065E-5	0.01969498580100185	0.10596353545431293	1.625917603862602E-5	0.11711180671347657	3.117909050938283E-4	2.5261614178792098E-5	0.0016819524988407975	0.027034114831012788	1.5190901739324705E-5	0.0013260255258135522	0.01223447801542748	3.26379973469043E-4	2.9038871383857003E-5	0.03274659108735958	0.06947129058909744	8.546731435931883E-4	0.11912458124212208	6.2469185683412135E-6	0.46721103740129244	0.019995888185027	5.579771788634835E-4	0.002884728167171453
40	file:/C:/Users/802925/Downloads/mallet-2.0.8RC3/kek/buket-nevesty.spb.ru	0.08712441334810707	0.09365714006624591	7.712813870054646E-5	0.001484812189046016	0.0015951449707286213	4.169942153982032E-5	0.12476239303844337	0.02826829247282194	6.478770485756857E-5	0.2720460809575998	0.002226624990191766	3.8959650457885095E-5	0.004096226831762498	0.006342678609351015	0.0022278747438618193	0.007028564156663075	0.07355306727894692	8.416667418402167E-4	1.0572788894382578E-4	0.03395806689272893	1.6021284847851613E-5	0.24587965335772813	0.013035365517912898	0.0014310273494642794	9.65823972078874E-5
41	file:/C:/Users/802925/Downloads/mallet-2.0.8RC3/kek/buketspb.com	0.24240851503416025	0.03770848852188852	3.5749298739624853E-4	4.349607943485392E-5	0.0010599581672701146	1.9296486728326537E-5	0.036656017442450325	4.823350437264831E-5	2.9980633802053356E-5	0.06104678047918248	6.496957151210977E-5	1.802865244264633E-5	0.00897517624241455	3.887045623600997E-5	0.002800863149230941	3.4463505096014085E-5	0.025830876199481188	0.01004353671760562	2.098266791192357E-4	0.0034856919384039665	7.4138800736620455E-6	0.22013677086200487	7.880702230783972E-5	1.86070424926256E-5	0.34887783874489275
42	file:/C:/Users/802925/Downloads/mallet-2.0.8RC3/kek/burdastyle.ru	0.049916645871957425	0.11421508652473034	1.5032589017322351E-5	0.04881201192997747	0.0017340496162941649	8.127387446778313E-6	0.23839902342931404	0.02387500910707681	1.262738809607118E-5	0.05898656495735086	2.7364197813011933E-5	7.593394881027664E-6	0.1448753008826127	0.007335425452615552	2.7607779903949515E-5	0.025563434810396142	0.04910129858562343	2.8506249647771346E-5	0.0015115251649910854	0.02335751296193016	3.12261380483049E-6	0.14090203889811725	0.07125842889900696	7.837003994838126E-6	1.8824303399450066E-5
43	file:/C:/Users/802925/Downloads/mallet-2.0.8RC3/kek/c.kupikupon.ru	0.0139081291787392	0.008742012885699868	0.005409509783843524	0.006592451724513654	0.03871765190363546	0.00292465801198798	0.06870644701969192	0.007310476098358499	0.00454399301220659	0.009903278376825279	0.009847065972863575	0.002732499628252536	0.019040549697198955	0.1034386835021501	0.00993471951694554	0.005223436147694404	0.013145571609599194	0.010258035804252469	0.00741540064758097	0.4795327143839249	0.02551050710533554	0.12562374949444535	0.011944329164085471	0.002820162896573955	0.006773966433594574
44	file:/C:/Users/802925/Downloads/mallet-2.0.8RC3/kek/c200.ru	0.026655493252396446	0.004783257974830194	7.810439579709514E-4	9.518412561199111E-4	0.27319041220970125	4.2227236120673625E-4	0.14724124392438043	0.004576567682540584	6.560776168380513E-4	0.008471981105279434	0.050716531609168475	0.003915583415095755	0.016833363430426976	0.004371672537615234	0.011997576241107684	7.541779950539392E-4	0.015982225859432587	0.015565313332362824	0.036281217041887553	0.01289972298961469	1.62240758563222E-4	0.34911721875617446	0.008766675162412424	0.003928240544631397	9.78048985188806E-4
45	file:/C:/Users/802925/Downloads/mallet-2.0.8RC3/kek/cackle.me	0.024790034681432278	0.01558188019660551	0.009641982284434376	0.05521788032897397	0.025543451833381667	0.005212949392168594	0.2093980993733122	0.013030289961149001	0.008099273663418682	0.01765173527412062	0.017551541536643154	0.048337850304428664	0.033938129368876496	0.010500860807546437	0.06117518295567642	0.05277772873183108	0.023430841914193177	0.01828405963754827	0.013217308875104365	0.028844771780943565	0.04547026762225697	0.22391344419919826	0.021289731380749508	0.005026695906752752	0.012074007989253555
46	file:/C:/Users/802925/Downloads/mallet-2.0.8RC3/kek/calccreator.com	0.19778055049602059	0.02267637017636126	0.0021327761594686144	0.0025991678418779956	0.04410954577388447	0.0011530880120037264	0.12323703018523907	0.0028822591620984383	0.0017915338639687955	0.003904508331930018	0.0038823457922865907	0.0010773268365831716	0.036351568406201976	0.0023227573878027707	0.34043678181970977	0.011674267621489862	0.014797682185910236	0.00404437649260345	0.022153334436085925	0.006380372807677106	4.430265651842E-4	0.13606263245243286	0.004709221630043373	0.0011118893267547266	0.012285586236381483
47	file:/C:/Users/802925/Downloads/mallet-2.0.8RC3/kek/cameleo.ru	0.050683340450991335	4.710512896046817E-4	2.9148396291852805E-4	3.5522515547518023E-4	0.004714348253772889	1.5759115734697405E-4	0.6002810923856388	0.006964167554541249	2.448467871576714E-4	0.011046028712520419	0.12405134532072837	1.4723696825455135E-4	0.03781938854669074	3.174484698214779E-4	5.353186390257013E-4	0.026562468231801882	7.083309691091416E-4	0.054428811799593566	3.995686215119051E-4	0.0021860484382335366	6.0547909973941435E-5	0.07509968975942849	6.436036791262214E-4	1.5196058238480664E-4	0.0016790563543480463
48	file:/C:/Users/802925/Downloads/mallet-2.0.8RC3/kek/campaign.avg.com	0.19138427975289915	0.0071686312960802705	0.02443361277889633	0.005405946704511575	0.011751572076814541	0.0023982800333507467	0.07633840989457856	0.005994741535289328	0.003726168211186112	0.00812089300646474	0.008074797673097418	0.002240706186061705	0.05560905023349117	0.00483104724660629	0.00814667539136825	0.004283325628893912	0.010779640487557203	0.46835896862626003	0.006080781834831063	0.013270384004249451	9.214403015767339E-4	0.06301866585088259	0.009794596848102502	0.0023125918784099265	0.005554792518539704
49	file:/C:/Users/802925/Downloads/mallet-2.0.8RC3/kek/candyladyshop.ru	0.03266325821392222	0.34847908936706967	5.724403641399902E-5	3.27826193723509E-4	4.0971451462307906E-4	3.0949057572048696E-5	0.15014619266848242	3.354244078029574E-4	4.808504131605344E-5	8.789899982320171E-4	1.0420275138519991E-4	2.891561610408792E-5	0.04768528981178065	6.234316146960088E-5	0.09765337282600153	5.527498442425712E-5	0.0034939416435454847	3.6661581365651064E-4	0.07620739002056198	0.00378414804723639	1.1890900372822956E-5	0.23410321308209353	3.8446035823673676E-4	0.0015782280804214422	0.0011039394035510055
50	file:/C:/Users/802925/Downloads/mallet-2.0.8RC3/kek/cardiology.eurodoctor.ru	0.07882161259090996	7.666216777293054E-5	4.743813032999447E-5	5.781181596818824E-5	0.024933169995131198	2.5647482579238743E-5	0.05107293960721017	0.005624409581632302	3.984807151573047E-5	0.008213439717449643	0.0929006100724617	2.3962369728741907E-5	0.08528235288437526	5.1663775027848556E-5	8.7121483843948E-5	0.10141437305887027	0.116881602361646	8.995677221349385E-5	0.0026313214078742906	3.55772748806729E-4	9.85398858926393E-6	0.21410394900684404	0.03282497809468151	0.15699630906550296	0.02743319374903417
51	file:/C:/Users/802925/Downloads/mallet-2.0.8RC3/kek/cartridge.spb.ru	0.017819088571777903	0.1986666163667445	0.0069306613944568685	0.008446246053268812	0.018360645174445276	0.0037470704713786674	0.08802666765330118	0.040610570804367765	0.00582176171312993	0.01268807560526409	0.012616056299708795	0.003500877240384967	0.024394743329561454	0.007548023680246433	0.01272835797921968	0.006692263939213035	0.2667972382567562	0.013142590654670197	0.00950060782700056	0.02073363550323427	0.0014396574616653527	0.09846030433135275	0.04654746117586477	0.06610197589969224	0.00867880261329399
52	file:/C:/Users/802925/Downloads/mallet-2.0.8RC3/kek/cartrige.ru	1.2126567705530925E-4	0.03962539765129616	4.716578757967584E-5	5.747991779150702E-5	0.5376535313973545	2.5500240141651305E-5	0.10925297288000888	2.763703847341543E-4	3.961930336411919E-5	8.634718170929355E-5	8.585706293503433E-5	2.3824801539804426E-5	3.786454857625836E-4	2.6399714916523466E-4	0.015183349639686232	4.554340219773249E-5	0.03264700328138047	8.944032954208192E-5	6.465525079677195E-5	1.4110027777177378E-4	9.79741674852442E-6	0.10507137822004115	1.0414320606602276E-4	0.1584339215253183	2.7169253001277534E-4
53	file:/C:/Users/802925/Downloads/mallet-2.0.8RC3/kek/catalog.henderson.ru	0.043797576007463306	0.4237453753698372	5.410259979186208E-5	6.593365971234377E-5	0.03916766369352953	2.9250636060079945E-5	0.08141875397963533	3.170169965748225E-4	2.893483291314137E-4	0.0020502632966121316	8.30190607807576E-4	2.7328785735871248E-5	0.0021416486814601825	5.8921895205915345E-5	0.002050577751616171	0.008832717110407463	0.007204634769977499	0.0030294197523142562	0.05251311522300705	0.07991783815126052	1.1238351876221259E-5	0.25052435521479266	0.0015828724403073994	2.7210763735306063E-4	6.774905852927015E-5
54	file:/C:/Users/802925/Downloads/mallet-2.0.8RC3/kek/cdn02.adriver.ru	0.11155226535343596	0.011200262803428389	0.0069306613944568685	0.008446246053268812	0.018360645174445276	0.0037470704713786674	0.18175984443495927	0.3842988856704473	0.00582176171312993	0.01268807560526409	0.012616056299708795	0.003500877240384967	0.024394743329561454	0.007548023680246433	0.01272835797921968	0.006692263939213035	0.01684210017233472	0.013142590654670197	0.00950060782700056	0.02073363550323427	0.0014396574616653527	0.09846030433135275	0.015303068915312088	0.0036131913785868745	0.00867880261329399
55	file:/C:/Users/802925/Downloads/mallet-2.0.8RC3/kek/cgspb.ru	0.017700360530714974	0.0020624264974229934	7.194958048818492E-5	0.0030069124598549723	0.07446877015785133	3.889962777448429E-5	0.1536868233069309	9.723352197582631E-5	6.0437711370070595E-5	7.80436850202681E-4	0.01115917034349825	3.634381113868748E-5	0.008686578658490119	0.02764885543676246	1.3213746348086667E-4	0.0010425510523406544	0.0011479199944131897	1.364377554049535E-4	0.05913192812200175	0.03913829731806091	0.001961098295151813	0.5916794995151684	0.0017806603533227305	0.004254174000234674	9.009763594361839E-5
56	file:/C:/Users/802925/Downloads/mallet-2.0.8RC3/kek/chinacache.cedexis.com	0.040719950464166196	0.025594695525762365	0.015837857673212885	0.019301252110166124	0.04195750859994448	0.008562756920235426	0.20115740106063162	0.021403469925321366	0.013303814480629029	0.028994626074772333	0.02883004849029812	0.008000159336734203	0.05574655156824776	0.017248645974451304	0.029086678834117644	0.01529307489550746	0.038487349224818855	0.03003327798014238	0.021710665982526904	0.0473802353713504	0.0032898865892180312	0.22500021249175392	0.034970374925245455	0.008256818150993122	0.019832687349751854
57	file:/C:/Users/802925/Downloads/mallet-2.0.8RC3/kek/citaty.info	0.08915117381365441	1.789674033603859E-4	1.10744050841052E-4	0.03208694163593509	2.9338213295191994E-4	5.987390512531066E-5	0.2520299108516845	0.18886604432441476	9.302510084520958E-5	0.04463596352035966	0.001699339241228758	5.551897103464588E-4	0.1591512021129574	0.001618357870169029	2.0338461842923128E-4	0.0011054341154300726	2.6911751874747204E-4	0.0017077526586584484	6.510585504615142E-4	0.031784030389292936	2.3004081436712858E-5	0.12688495580914427	0.0666447345640717	5.773467017862198E-5	1.3867735027638076E-4
58	file:/C:/Users/802925/Downloads/mallet-2.0.8RC3/kek/cityadspix.com	0.05250017130144633	0.005271212681680393	0.017966437973983965	0.003975081664597674	0.008641124533055128	0.001763494815660523	0.6149092248661933	0.00440803220295227	0.017444553249892237	0.0059714264040407455	0.0059375317460821225	0.0016476281700171166	0.01148096992561293	0.01825698900543378	0.005990384616376432	0.003149599894632301	0.007926447224735421	0.006185336160846692	0.0044712990525568735	0.00975793196285835	6.77550232739477E-4	0.17868042655730815	0.007202128409909311	0.0017004869037818885	0.004084530443606454
59	file:/C:/Users/802925/Downloads/mallet-2.0.8RC3/kek/clikunder.ru	0.036151422230568706	0.0015576834371568058	0.02528703472254749	0.0010461348297835637	1.439601348570303E-4	0.026486961208182287	0.1295484112912193	0.040984697725868595	4.564663133374897E-5	0.002059304131353506	0.0076932244182179865	2.7449294665591987E-5	0.12659971699828873	0.02994644980784826	9.979911456201776E-5	0.04267857564033851	0.0013569417301052568	0.1818764316027586	7.44913248420248E-5	0.003102297305034896	1.128790847816903E-5	0.2837211331993488	1.1998662595152058E-4	0.05882295566751426	5.580030191737054E-4
60	file:/C:/Users/802925/Downloads/mallet-2.0.8RC3/kek/codexspb.ru	5.564528631312045E-4	8.357434219817427E-4	7.860401078182607E-5	0.018168045371350763	0.04308554168735075	4.249735356687304E-5	0.17286192988157623	1.0622639851246734E-4	6.602743871372595E-5	4.982595428134474E-4	0.0759756732476136	3.9705156071996296E-5	0.0024028200191306983	0.0015030373764263606	8.530742945835446E-4	0.013541500038431879	1.9101447151834765E-4	0.001212130199088947	1.0775102657081635E-4	0.04842782327375224	1.632785735707521E-5	0.5691523835529793	0.0030084226852650736	0.047170578298562305	9.843053286866886E-5
61	file:/C:/Users/802925/Downloads/mallet-2.0.8RC3/kek/comp-doctor.ru	0.04228300968615414	0.001284307977272133	8.482618840922872E-5	4.8578416576281435E-4	0.044584087967502614	4.586138143208669E-5	0.1444805082716678	1.1463512363590151E-4	0.005424970804486248	0.09805182720648889	0.048337861812065355	4.2848157699348704E-5	0.11234421669652991	0.02609614922725926	0.002067827412067063	0.0035235834206174144	2.061348955192359E-4	1.6085562511394173E-4	0.05977198115643563	0.011343606220414106	1.7620346477415427E-5	0.2440343761586654	0.09731901612180568	0.05778788182775938	1.0622214875922029E-4
62	file:/C:/Users/802925/Downloads/mallet-2.0.8RC3/kek/configuration.apple.com	0.040719950464166196	0.025594695525762365	0.015837857673212885	0.019301252110166124	0.04195750859994448	0.008562756920235426	0.20115740106063162	0.021403469925321366	0.013303814480629029	0.028994626074772333	0.02883004849029812	0.008000159336734203	0.05574655156824776	0.017248645974451304	0.029086678834117644	0.01529307489550746	0.038487349224818855	0.03003327798014238	0.021710665982526904	0.0473802353713504	0.0032898865892180312	0.22500021249175392	0.034970374925245455	0.008256818150993122	0.019832687349751854
63	file:/C:/Users/802925/Downloads/mallet-2.0.8RC3/kek/consultsystems.ru	0.012577834745853349	8.836521774730048E-4	4.5778131909932963E-4	1.0128430190681639E-4	0.007338929916528582	0.010910402815105868	0.29779529733571536	1.1231579678853569E-4	8.191551542037028E-4	5.268221303014033E-4	1.512871454459427E-4	4.1981242923490775E-5	0.02876755589056855	0.009457297037141862	0.006522046871632854	8.025118815914998E-5	0.0013259783889558443	0.1376619886630721	1.139278237194829E-4	0.08230165707345376	1.7263847165958685E-5	0.37360402753476873	0.02828386049156428	4.332807310228285E-5	1.0407303534975048E-4
64	file:/C:/Users/802925/Downloads/mallet-2.0.8RC3/kek/creditnyi.ru	0.02896342032687279	8.203026674492461E-5	5.075988062816021E-5	0.014935982288521773	0.001049803219200741	2.744339089839355E-5	0.2235277059803723	6.859750863118685E-5	4.263834470984526E-5	0.006957906482784586	0.060275386745331186	2.5640281742506036E-5	0.03541889438693905	5.5281416762658125E-5	3.220546245193769E-4	0.0643509888538858	0.021404787414274207	9.625579649719892E-5	2.984147144012449E-4	0.053012194725137775	1.05439923753915E-5	0.44053747484386524	0.024368340077851703	0.023596225939230372	5.212284978206469E-4
65	file:/C:/Users/802925/Downloads/mallet-2.0.8RC3/kek/cveti47.ru	0.0017525704352984732	4.0007861496706143E-4	2.4756645983799885E-4	0.012578410871888072	0.021861072032796042	1.338471061513192E-4	0.17167005911958247	0.018191592662844286	2.0795604565138735E-4	4.5322398267276276E-4	4.5065141946392154E-4	1.2505296903160125E-4	0.04663002687656323	0.03375154716697389	4.546628878719161E-4	2.3905079146667904E-4	6.016076790646052E-4	4.6945947237863104E-4	0.004803623244327883	0.17707877052495688	5.142523647871584E-5	0.4521748864172963	0.054117717945255966	0.0012451291570744812	3.100108801050932E-4
66	file:/C:/Users/802925/Downloads/mallet-2.0.8RC3/kek/deloitte.egraduate.ru	2.1224858825600535E-4	0.0012498941415026164	8.255321761987832E-5	0.004194381947775615	9.630221683370658E-4	4.463249702375403E-5	0.16666036536791953	4.837248710435918E-4	6.934477595738235E-5	0.003128423269018754	0.06825582219673132	0.04432891461918345	0.021503776847932688	8.990680773609051E-5	5.237728137738521E-4	7.9713592960317E-5	0.01583139300720714	9.008683325331828E-4	0.001973971968221781	0.234336527554406	0.0026222784691328754	0.39268665422105786	0.03963139504244747	4.303782239561071E-5	1.0337585982605548E-4
