0	file:/C:/Users/802925/Downloads/mallet-2.0.8RC3/sample-data/kek/123.ru.txt.parsed.txt	0.001463935898038458	1.9034281712084024E-5	1.1778309469022146E-5	1.4353969153142143E-5	0.006243700432087687	6.367957270200948E-6	0.017353435951065824	1.5917348020984125E-5	9.893790391634404E-6	2.1562744526038465E-5	2.1440351348779394E-5	5.94956429169799E-6	4.145763585893024E-5	1.2827485535010324E-5	0.7416982488568928	1.1373165018200326E-5	0.15295163624913807	2.2335169927532564E-5	0.006706527664092847	3.523576776818365E-5	2.4466252422089726E-6	0.06850480017966987	0.004804850979678815	6.14043650463666E-6	1.474918729714475E-5
1	file:/C:/Users/802925/Downloads/mallet-2.0.8RC3/sample-data/kek/206-club.ru.txt.parsed.txt	0.1306746291570924	7.878511743150945E-5	4.8751799973226816E-5	0.017861588087482432	1.2915282539121872E-4	2.6357719661840915E-5	0.09556413408231954	0.0336922149451251	0.011909068442472878	8.925072063796715E-5	8.874412096748682E-5	2.4625942206695462E-5	0.039731987626218594	0.421371243961267	8.95340757358082E-5	0.049497561890109336	1.1847104511373357E-4	9.24478796841716E-5	6.682936967263303E-5	0.08520068265470608	1.0126867928825277E-5	0.08376940969530519	0.021865859453373344	2.5415984612195758E-5	0.007973126535510817
2	file:/C:/Users/802925/Downloads/mallet-2.0.8RC3/sample-data/kek/24love.org.txt.parsed.txt	2.847286771667227E-4	1.7896740336038566E-4	0.004603991276843233	1.3496136214176377E-4	2.9338213295191957E-4	5.98739051253106E-5	0.8910695163275498	1.496608323229028E-4	9.302510084520946E-5	2.0274095211581048E-4	2.0159016589469569E-4	5.594001856843807E-5	0.04981551961357085	0.004613856020837148	2.03384618429231E-4	1.0693473187403147E-4	2.6911751874747166E-4	0.01818299248733311	1.5180885868349328E-4	3.312998072776219E-4	2.3004081436712824E-5	0.028532766528874147	2.4452555759496195E-4	5.773467017862191E-5	1.3867735027638057E-4
3	file:/C:/Users/802925/Downloads/mallet-2.0.8RC3/sample-data/kek/agent.mail.ru.txt.parsed.txt	2.1960412568287167E-4	1.3803309358150135E-4	8.541412372484071E-5	1.0409233179121221E-4	2.2627832025559047E-4	0.006977238237613115	0.30605144442473387	1.154296664399462E-4	7.174793962081726E-5	1.5636903866706495E-4	1.554814659629364E-4	4.314514080790034E-5	3.00643114184369E-4	0.3189217360137632	1.5686548243731244E-4	8.247609103517998E-5	2.075636286396146E-4	0.1769039747250867	1.1708638558588956E-4	2.55523276545497E-4	1.7742474138243635E-5	0.18835202674565102	1.885964624887959E-4	4.4529310824357816E-5	1.0695838073812813E-4
4	file:/C:/Users/802925/Downloads/mallet-2.0.8RC3/sample-data/kek/alibaba.com.txt.parsed.txt	2.2830739167832838E-4	0.014554999656630208	8.879922332729375E-5	1.0821767893052105E-4	2.352460953557426E-4	4.800940756926673E-5	0.0011278432569155293	1.2000433045260892E-4	7.459142628667202E-5	0.003765440218269969	1.6164344744407268E-4	0.9764237150639086	3.1255808611084187E-4	9.670918867829505E-5	1.6308231472546855E-4	8.574475165944009E-5	2.1578971030094678E-4	1.683896783035265E-4	1.2172670805265497E-4	2.6565007647191374E-4	1.8445637029024834E-5	0.0012615244138439508	1.960708447379368E-4	4.6294079293500396E-5	1.111973140237056E-4
5	file:/C:/Users/802925/Downloads/mallet-2.0.8RC3/sample-data/kek/artaban.ru.txt.parsed.txt	8.320873909624393E-5	0.6946825916147498	3.236369769490585E-5	3.9440933320362444E-5	0.02109534942211886	1.7497472329870046E-5	0.050308880944204215	4.373668740922514E-5	2.718553474365481E-5	5.924875273048259E-5	5.8912448458706606E-5	1.6347838427861092E-5	1.1391468339431386E-4	3.52465576772893E-5	5.9436856938570795E-5	0.013162257847472662	0.018462056886712413	6.137117464948288E-5	4.436442384514996E-5	0.07231735921686948	6.722682904523038E-6	0.12914364655868849	7.145983160793031E-5	1.6872305085334444E-5	4.0526888870238486E-5
6	file:/C:/Users/802925/Downloads/mallet-2.0.8RC3/sample-data/kek/auto49.ru.txt.parsed.txt	1.332505631676762E-4	8.375519994589151E-5	5.18272598632527E-5	6.31607525108417E-5	0.010651304888566984	2.802047077373946E-5	6.582605497092452E-4	7.00399776714191E-5	4.353494421320887E-5	9.488101555279519E-5	9.434245753477244E-5	2.61794458219954E-5	1.8242309498047718E-4	5.644387490102932E-5	0.17883326015321904	5.004453146830584E-5	0.11577999508644382	0.004303881697383184	7.104523546665021E-5	0.6246869176676406	1.0765711543702993E-5	0.055409106774988226	1.1443585023695967E-4	0.008438222993514334	6.489980288184508E-5
7	file:/C:/Users/802925/Downloads/mallet-2.0.8RC3/sample-data/kek/aviasales.ru.txt.parsed.txt	8.097582146671822E-5	5.0897691960922274E-5	3.149521354378791E-5	3.8382530605785546E-5	8.343683346489475E-5	1.7027925322405912E-5	0.17418945882455444	0.0013204265118584252	2.6456007287085878E-5	5.765880453590315E-5	5.733152503418725E-5	1.5909141999737272E-5	1.1085776764753401E-4	3.4300711593422045E-5	5.784186094243842E-5	0.5495117187052075	7.653606362558681E-5	0.02561699435695162	4.3173898604609954E-5	9.422048496492738E-5	6.54227881069513E-6	0.2304628669034384	0.0013474057017790156	1.6419534524393687E-5	0.0166516649002755
8	file:/C:/Users/802925/Downloads/mallet-2.0.8RC3/sample-data/kek/aviatravel.kg.txt.parsed.txt	0.03149170108053484	1.246425663900283E-4	7.712813870054647E-5	9.399438235670891E-5	2.043271640393148E-4	4.1699421539820345E-5	0.051049049283910124	1.0423188736348053E-4	6.47877048575686E-5	1.411997498404002E-4	1.4039828015780558E-4	3.89596504578851E-5	0.06285827916438573	8.399847924913355E-5	1.4164803382785902E-4	0.5727437070275387	1.8742797608598628E-4	1.462578384955634E-4	1.0572788894382582E-4	0.003360075145564184	1.602128484785162E-5	0.1293986620474987	0.02520502132644434	4.0209542774972964E-5	0.1221408449341946
9	file:/C:/Users/802925/Downloads/mallet-2.0.8RC3/sample-data/kek/avito.ru.txt.parsed.txt	1.9345728106141455E-4	1.2159838481056289E-4	7.524441578075396E-5	9.169873027226649E-5	0.003252248106676583	4.0680984463286915E-5	0.10780757793626164	1.016862017225741E-4	6.320537593563274E-5	1.3775118736340312E-4	1.3696929220751247E-4	3.800812760577065E-5	2.648474807068746E-4	8.194696000784025E-5	0.11614881732525012	7.265619566401482E-5	0.5985534620862196	1.426857408511086E-4	1.0314566602207196E-4	0.08265370444610406	1.5629992357446832E-5	0.08960338555191295	1.661415000170429E-4	3.9227493439986776E-5	9.422353728550071E-5
10	file:/C:/Users/802925/Downloads/mallet-2.0.8RC3/sample-data/kek/ayurveda-shop.ru.txt.parsed.txt	0.011188641883832461	3.411425017834542E-5	2.110971151851273E-5	2.5725945541284652E-5	5.592365589181789E-5	1.1412991082439104E-5	0.011402483198026439	2.852791614505273E-5	1.7732176382471534E-5	3.864589546481423E-5	3.842653591490866E-5	1.066312497467568E-5	7.430257589370532E-5	2.2990100562746022E-5	3.8768589280755586E-5	2.038359012539867E-5	5.1298405125986004E-5	4.003027727597287E-5	0.8530928030453288	6.315141359428202E-5	4.384971645784971E-6	0.118495490547145	4.66107564291811E-5	1.1005216287748468E-5	0.005165373226351402
11	file:/C:/Users/802925/Downloads/mallet-2.0.8RC3/sample-data/kek/basketshop.ru.txt.parsed.txt	2.821927535525271E-4	0.7572261868962753	1.0975771375532493E-4	1.3375933462326798E-4	2.9076913770908276E-4	5.9340640786107855E-5	0.010300494692713474	1.4832788461077056E-4	0.022358338149122983	2.0093524861888474E-4	1.9979471182533746E-4	5.544179121923721E-5	0.004839556704077683	1.1953459783470281E-4	2.0157318214620128E-4	1.0598232232247005E-4	2.667206352386643E-4	2.0813319551758936E-4	1.5045677966774268E-4	3.2834909991293364E-4	2.2799196583108563E-5	0.17968840337294778	0.02250848927362543	5.722045884269092E-5	1.3744222647073023E-4
12	file:/C:/Users/802925/Downloads/mallet-2.0.8RC3/sample-data/kek/blackstarshop.ru.txt.parsed.txt	3.1284222649414605E-4	0.8888389291379938	1.216787005118173E-4	1.4828718147834926E-4	3.223501074763081E-4	6.57857367044678E-5	0.036103758407377375	1.6443804842126392E-4	1.0221021625867713E-4	2.2275919479762898E-4	2.2149478220942479E-4	0.01487216827335256	4.2828822513741894E-4	1.3251746991699417E-4	2.2346641545630485E-4	1.1749325688552875E-4	2.9568965301040245E-4	2.3073892392117728E-4	1.6679816667806234E-4	3.6401169835493494E-4	2.527545917301439E-5	0.05603454383150961	2.6866953000289864E-4	6.34352779084811E-5	1.523700789694883E-4
13	file:/C:/Users/802925/Downloads/mallet-2.0.8RC3/sample-data/kek/bobsoccer.ru.txt.parsed.txt	4.846302662496992E-5	3.0461638498666064E-5	1.8849495378803305E-5	2.2971469371835135E-5	4.993591183726777E-5	1.0191002490872315E-5	0.07059967313514073	2.5473433072331514E-5	1.58335928221662E-5	0.006917577461029282	0.006152596101592664	9.521424523375592E-6	0.005419845408407247	2.0528551227981724E-5	3.461763766167334E-5	1.8201119780114972E-5	4.580588652356812E-5	3.574423676344142E-5	2.5839043799499253E-5	0.004645102713993203	3.915472871380608E-6	0.030094418965687396	0.8757210024234312	9.82688813045707E-6	2.360395933982159E-5
14	file:/C:/Users/802925/Downloads/mallet-2.0.8RC3/sample-data/kek/booking.com.txt.parsed.txt	3.237104039871999E-5	2.0346953112983284E-5	1.2590583355938025E-5	1.5343869643306574E-5	3.335485899261287E-5	6.807114130290631E-6	1.599136119275376E-4	1.7015064648349234E-5	1.057610117646141E-5	2.304978766706008E-5	2.2918953823329672E-5	0.9992113922892442	4.4316701084720416E-5	1.3712114314911544E-5	2.3122966626209427E-5	1.2157498710583452E-5	3.0596194798729776E-5	2.387548225670672E-5	1.7259275553931725E-5	3.76657509604918E-5	2.6153531738822245E-6	1.7886787398478456E-4	2.780031425774195E-5	6.563902727875185E-6	1.5766343428609235E-5
15	file:/C:/Users/802925/Downloads/mallet-2.0.8RC3/sample-data/kek/career.ru.txt.parsed.txt	0.007406112204225682	0.004655142865745886	0.002880576957125558	0.0035104963827432075	0.007631198293681809	0.0015573874183511258	0.15346074745067825	0.0038928460869861663	0.002419687196683788	0.005273519529899769	0.005243586289730699	0.0014550626173201672	0.010139138461782264	0.0031371700112987305	0.005290262012556271	0.0027814922988039156	0.00700004846648979	0.005462428712367283	0.003948718661545463	0.008617479525954746	5.983619562692653E-4	0.7421692557019129	0.006360383978072982	0.001501743518326612	0.0036071534014474682
16	file:/C:/Users/802925/Downloads/mallet-2.0.8RC3/sample-data/kek/clinique.ru.txt.parsed.txt	1.673942513232474E-4	1.0521635823579312E-4	6.510730729165946E-5	7.934485699892329E-5	1.724816867264388E-4	3.5200344489297136E-5	0.24385557921456374	8.798679229783721E-5	5.469019582153057E-5	1.1919301641722677E-4	0.002760132200666209	3.288758132988881E-5	2.2916659173815906E-4	7.090686865579279E-5	1.19571432956471E-4	6.286777840794804E-5	1.5821632726627235E-4	1.234627750024658E-4	0.575961481087205	0.0028363895293089018	1.3524282231756906E-5	0.17262996881591686	1.4375851793474407E-4	3.394267126906229E-5	8.152951594480115E-5
17	file:/C:/Users/802925/Downloads/mallet-2.0.8RC3/sample-data/kek/complace.ru.txt.parsed.txt	1.0676012027362292E-4	6.710452104065694E-5	4.152391078070414E-5	5.060428544789605E-5	0.5594504741621417	2.2449952621690896E-5	0.037592127111272536	0.0017408763587094366	3.488012185328685E-5	7.601850522277649E-5	7.558701347211063E-5	2.09749266210307E-5	1.4615706754120972E-4	4.522273474792328E-5	0.2123560765485426	4.00955918803162E-5	1.0090665596144225E-4	0.021980627506731375	5.6921319527506145E-5	0.005178503495837052	8.625469430778888E-6	0.16064215136767687	9.16858048812791E-5	2.164783819305436E-5	5.1997609591198785E-5
18	file:/C:/Users/802925/Downloads/mallet-2.0.8RC3/sample-data/kek/concert.ru.txt.parsed.txt	8.181217985749426E-5	0.011670980591910768	3.182051170859204E-5	0.8159899070238295	8.429861040650727E-5	0.07877198039884244	0.03526282547789786	4.3002619382992824E-5	2.6729258033792793E-5	5.8254333227088326E-5	5.7923673420579826E-5	1.6073459497979593E-5	0.022060055256848416	3.465498633162324E-5	5.8439280330856646E-5	3.072596551968832E-5	7.73265659984036E-5	6.0341132830792186E-5	4.361982001308027E-5	0.013005812755664797	6.609850706589637E-6	0.017235862320969086	0.005234508109685461	1.658912360942394E-5	3.984669347629017E-5
19	file:/C:/Users/802925/Downloads/mallet-2.0.8RC3/sample-data/kek/dns-shop.ru.txt.parsed.txt	2.8421858488298903E-5	1.7864678271759552E-5	1.1054565254002525E-5	1.3471957845451547E-5	0.02335231296604495	5.976664084373091E-6	0.0019344835952831909	1.4939271449049924E-5	9.285844609653128E-6	2.0237774108873665E-5	4.686426576552173E-4	5.583980185648752E-6	3.891017994429278E-5	1.2039272381532844E-5	0.8365096469742982	1.0674315797942116E-5	0.09870120986043657	2.0962736127160195E-5	0.015264825393427262	9.301101402768993E-4	2.296286955545094E-6	0.019443395971335806	0.0031640470409654135	5.76312383429E-6	1.3842890938518367E-5
20	file:/C:/Users/802925/Downloads/mallet-2.0.8RC3/sample-data/kek/e-katalog.ru.txt.parsed.txt	8.409211039400475E-5	0.013323266914854274	3.270728133700407E-5	3.985965121983461E-5	0.03458971504515766	1.768323124182391E-5	0.0641133870108206	0.0013712420570874567	2.7474145307492907E-5	5.987775694516848E-5	5.9537882356810036E-5	1.6521392448802334E-5	1.1512403907975039E-4	3.562074670761429E-5	0.6038637440805767	3.158223248597779E-5	0.13809175034291213	6.202271119220724E-5	0.04383718995034725	9.784648404343566E-5	6.794053113785961E-6	0.09999273384507745	7.221847264576953E-5	1.7051427016532187E-5	4.095713563042677E-5
21	file:/C:/Users/802925/Downloads/mallet-2.0.8RC3/sample-data/kek/echo.msk.ru.txt.parsed.txt	3.853205556109361E-5	2.4219485014742977E-5	1.4986884926836263E-5	0.023124802078882123	0.0012558366924250856	8.102677474939468E-6	0.06829382924786286	6.283202417425489E-4	1.2588996619560997E-5	0.006716171388293989	0.7078170205401718	7.570308424906289E-6	0.07545303280458222	0.02373092654642243	2.752384303390031E-5	1.4471373487849003E-5	0.0018606197722780516	2.841958112967247E-5	2.0544145520099458E-5	0.002477101627584196	3.113120016120866E-6	0.05615505524712533	0.031652564306757676	6.158799634309004E-4	1.8767071231064794E-5
22	file:/C:/Users/802925/Downloads/mallet-2.0.8RC3/sample-data/kek/esky.ru.txt.parsed.txt	6.966928604050239E-5	0.0066404146834278	2.7097582976552085E-5	3.3023234038223153E-5	7.17866705355833E-5	1.465034103359607E-5	0.04102334758388686	3.661999711416E-5	2.2761993713532888E-5	4.960799005436821E-5	4.932640811043437E-5	1.368777178869645E-5	9.537885981461734E-5	2.9511353439953522E-5	0.03743063346950613	2.616549374910327E-5	0.513503065563751	5.138505844140904E-5	0.3826413237686977	0.009976000259104636	5.628789996361728E-6	0.008081022333127179	5.9832122235869375E-5	1.4126898952202125E-5	3.393248646354924E-5
23	file:/C:/Users/802925/Downloads/mallet-2.0.8RC3/sample-data/kek/fprints.ru.txt.parsed.txt	4.72347941342407E-5	2.9689627818969213E-5	1.8371779390545816E-5	2.2389287304243386E-5	0.34591565838832106	9.932724763621525E-6	0.03228566949687693	2.4827841983026054E-5	1.543231096868944E-5	3.363351816565631E-5	3.344260957580939E-5	9.280116380404382E-6	6.466552284579097E-5	2.0008281749128845E-5	3.374029857888375E-5	1.7739836029626445E-5	4.464499579896953E-5	3.483834548907028E-5	2.5184186780982613E-5	5.496066764047408E-5	3.816240294876179E-6	0.09418177524529718	4.056533570306753E-5	0.5270094928004736	2.3005747635146857E-5
24	file:/C:/Users/802925/Downloads/mallet-2.0.8RC3/sample-data/kek/free-programm.com.txt.parsed.txt	9.149890103518467E-5	5.751201772699328E-5	3.558812216939959E-5	4.337046918162065E-5	9.42797297960279E-5	1.924076132465912E-5	0.030774455668976557	4.809421313589095E-5	2.98940541596373E-5	6.515175955585738E-5	6.478194898529521E-5	1.7976588357142552E-5	1.252641063373741E-4	3.875820409939129E-5	6.535860475633875E-5	3.436397958340093E-5	8.648218177296845E-5	0.9559465984344712	4.8784491520718175E-5	1.0646475297365564E-4	7.3924698830059285E-6	0.012056991173363594	7.857943926685612E-5	1.8553308102083075E-5	4.456461946518387E-5
25	file:/C:/Users/802925/Downloads/mallet-2.0.8RC3/sample-data/kek/Funday24.ru.txt.parsed.txt	0.011940339799931962	0.01964415760650381	9.606774280029716E-5	1.1707566526369606E-4	2.545017910811316E-4	5.193914141973516E-5	0.1337447339929766	0.25738340981472146	8.069698908518278E-5	0.29250948952162004	0.09372163186808606	4.852659149871416E-5	3.381420321209084E-4	1.0462516580948795E-4	1.7643115873410976E-4	9.276325220248392E-5	2.3345283451111206E-4	1.821729481333851E-4	1.3169045452152047E-4	2.873944418108329E-4	1.9955475368975836E-5	0.07932041561965987	0.10545222193444209	5.008340767072446E-5	0.004018080750025758
26	file:/C:/Users/802925/Downloads/mallet-2.0.8RC3/sample-data/kek/furpur.ru.txt.parsed.txt	0.8420644797287549	1.820767128358372E-5	1.1266807454684688E-5	1.3730612791613336E-5	2.984792390661467E-5	6.0914130870574E-6	0.0641414562447264	1.5226098092710703E-5	9.464128246310103E-6	2.062632939034172E-5	2.05092514373832E-5	5.691189851152205E-6	3.965723620842996E-5	1.2270420473398634E-5	2.069181430229229E-5	1.0879257396609811E-5	4.8451042020383533E-4	2.136521032182263E-5	1.544463262552363E-5	3.370556801943744E-5	2.340374532545572E-6	0.08930062892857976	0.0036819262977268964	5.87377296949237E-6	1.4108667617120049E-5
27	file:/C:/Users/802925/Downloads/mallet-2.0.8RC3/sample-data/kek/gamazavr.ru.txt.parsed.txt	1.6266749612257298E-4	0.04374164903392742	0.7599022979408406	7.710437554569705E-5	1.6761127628336486E-4	3.420638316705901E-5	0.0085046520502388	8.550228626016361E-5	5.3145894476162796E-5	1.1582733207752835E-4	1.1516987981446918E-4	3.195892610511368E-5	2.22695554825264E-4	6.890465288354926E-5	0.005250242556991673	6.109256452697203E-5	1.5374873150461555E-4	0.038625332728036026	8.672946882975753E-5	1.8927391034864207E-4	1.3142393541619627E-5	0.13951811007673004	1.39699171111793E-4	3.2984223194068324E-5	0.002646251092617036
28	file:/C:/Users/802925/Downloads/mallet-2.0.8RC3/sample-data/kek/ivi.ru.txt.parsed.txt	0.010323310248665873	3.408505667412022E-5	2.1091646737689856E-5	0.020563869000464412	5.587579883865004E-5	1.1403224336822669E-5	0.08156478943403742	0.03340302174206129	0.1523424412716955	0.013730722870692613	3.8393652142504843E-5	1.065399993213848E-5	0.05227540854406817	2.2970426626065383E-5	0.0034617629244734927	2.0366146727952157E-5	5.1254506162973115E-5	0.6101946499779904	2.8912603383090315E-5	6.309737133774836E-5	4.381219176139606E-6	0.021693560011156365	4.6570868953781776E-5	1.0995798498217231E-5	2.6411655166437607E-5
29	file:/C:/Users/802925/Downloads/mallet-2.0.8RC3/sample-data/kek/job.ru.txt.parsed.txt	1.5434703361112792E-4	9.701547486060581E-5	6.0032645490736725E-5	0.00494460080782117	0.005030478269411096	3.245672244455562E-5	0.23215589325560979	8.112883376087348E-5	5.0427475411711704E-5	1.0990274974040564E-4	1.0927892624177849E-4	3.0324223088825346E-5	2.113046496994308E-4	6.538017138080515E-5	1.1025167134219321E-4	0.007365128168215461	1.4588446490459094E-4	0.0025495598756412677	8.229324579051078E-5	0.5092451070746677	1.2470158489256703E-5	0.19571046581767843	0.03910407618609911	3.129707610508515E-5	0.0025108950224934784
30	file:/C:/Users/802925/Downloads/mallet-2.0.8RC3/sample-data/kek/jobs.yandex.ru.txt.parsed.txt	6.365061606938463E-4	4.000786149670616E-4	2.475664598379989E-4	3.0170385123717266E-4	6.55850815308121E-4	1.3384710615131927E-4	0.22412508002600007	0.010379142740611899	2.0795604565138743E-4	4.532239826727629E-4	4.5065141946392165E-4	1.250529690316013E-4	8.71391617773508E-4	2.6961892883506426E-4	4.546628878719163E-4	2.3905079146667915E-4	6.016076790646054E-4	4.694594723786311E-4	3.3936614590937363E-4	0.49292496023806665	5.142523647871585E-5	0.26467608828371897	5.466327642338432E-4	1.2906488246985419E-4	3.100108801050933E-4
31	file:/C:/Users/802925/Downloads/mallet-2.0.8RC3/sample-data/kek/joyreactor.ru.txt.parsed.txt	1.496097367264164E-4	9.403782704922072E-5	0.7838975127931611	7.091499900603506E-5	1.5415666629698055E-4	3.146054437409185E-5	0.16128447865142448	7.863878673862896E-5	4.88797299411143E-5	1.0652955919838205E-4	0.02607650485137594	2.9393496762513674E-5	0.023814437334588087	6.337349023535123E-5	1.0686777152265074E-4	5.618849931724959E-5	1.4140690544036744E-4	1.1034568461949594E-4	7.976746004785509E-5	1.7408038219941699E-4	1.2087418104936445E-5	0.003187638227551206	1.2848514121828705E-4	3.0336490484069947E-5	7.286755261612672E-5
32	file:/C:/Users/802925/Downloads/mallet-2.0.8RC3/sample-data/kek/kassir.ru.txt.parsed.txt	0.0016019774576867638	0.026287420670768752	6.230825598097375E-4	7.593371414541663E-4	0.0016506646543433098	3.368703401036757E-4	0.033194292940293225	8.420412094266904E-4	5.233899024010232E-4	0.0011406874722678583	0.0011342127693921694	3.147369967119363E-4	0.002193144096152433	6.785848634812759E-4	0.0011443089512654524	6.016500747680851E-4	0.02679463495664628	0.0011815494310821366	8.541267142744088E-4	0.7097177507167738	1.2942855023635646E-4	0.08469328316714746	0.0013757814456674536	3.248342986504843E-4	0.101902208619195
33	file:/C:/Users/802925/Downloads/mallet-2.0.8RC3/sample-data/kek/kinopoisk.ru.txt.parsed.txt	0.0033060283073103676	2.600642683112073E-5	1.6092634754163437E-5	0.013078224990612404	4.263246172716772E-5	0.0032733538142634532	0.06223280626147923	2.1747778713940505E-5	0.7619836008029828	0.03463478615580387	2.92938255837395E-5	8.128854598745542E-6	0.023562147168343147	0.02156423797574447	2.9554584234002412E-5	1.553908828071584E-5	3.910647933012398E-5	0.00590689237218074	2.20599165073549E-5	7.010730840276824E-4	3.3428096372182034E-6	0.04266911275154298	0.026805690085725746	8.389642177440055E-6	2.0151727607255927E-5
34	file:/C:/Users/802925/Downloads/mallet-2.0.8RC3/sample-data/kek/kupikupon.ru.txt.parsed.txt	0.04624032219219976	0.02617721944149095	2.1477618757117505E-5	2.617430607791683E-5	5.689831240447553E-5	1.1611900576284092E-5	0.049072141469269026	2.9025110379226444E-5	1.8041218788930128E-5	3.9319429286979426E-5	3.909624666416277E-5	1.0848965546721873E-5	0.004432682652571984	2.339077986174394E-5	3.944426145251297E-5	2.0738842273174838E-5	0.03578029032114155	4.072793857562024E-5	0.022686284248686336	0.631841592421152	4.4613944243788984E-6	0.09616099370104206	4.7423104559666016E-5	1.1197018943655113E-5	0.08716859710387363
35	file:/C:/Users/802925/Downloads/mallet-2.0.8RC3/sample-data/kek/kyocera-mita.spb.ru.txt.parsed.txt	2.020949734088269E-4	1.270276425369881E-4	7.860401078182607E-5	9.579299550950372E-5	0.7464859527862704	4.2497353566873055E-5	0.11899953064377482	1.0622639851246731E-4	6.602743871372595E-5	1.4390165309106988E-4	1.4308484702478362E-4	3.9705156071996296E-5	2.766726807964332E-4	8.560581753685059E-5	1.4435851513878946E-4	0.006454342243984327	1.9101447151834765E-4	1.490565299218142E-4	1.0775102657081635E-4	0.006613592286511682	1.632785735707521E-5	0.08084721151554307	1.7355956748605296E-4	4.097896548609278E-5	0.03836908262288545
36	file:/C:/Users/802925/Downloads/mallet-2.0.8RC3/sample-data/kek/kyomag.ru.txt.parsed.txt	2.450845586829499E-4	1.540489265348223E-4	9.532463360284773E-5	1.1617005427379474E-4	0.7815140342003092	5.153737853271839E-5	0.04375466593672738	1.2882284779661973E-4	8.007277670079968E-5	1.745123718155348E-4	1.735218149951019E-4	4.815122558074389E-5	3.3552641477851253E-4	1.0381586269970923E-4	1.7506641742812823E-4	9.204570410686266E-5	2.3164701558127135E-4	1.807637925798315E-4	1.306717943019849E-4	2.8517137039497345E-4	1.9801114530947323E-5	0.1637947376449098	2.104791093268482E-4	4.9695999371175974E-5	0.007854631034437494
37	file:/C:/Users/802925/Downloads/mallet-2.0.8RC3/sample-data/kek/lostfilm.info.txt.parsed.txt	7.131583919855093E-5	4.482586962028408E-5	0.005654844128059916	3.380370005682139E-5	7.348326563212899E-5	1.4996584933401964E-5	0.046494571951795606	3.7485468476404125E-5	0.04504014894706357	5.0780417638037934E-5	5.0492180829882234E-5	1.4011266475468807E-5	0.0023484754790680084	3.0208820214287815E-5	5.094163639465282E-5	2.6783884991686685E-5	6.740572071449496E-5	5.259948498518077E-5	3.802348348792479E-5	8.298048520236359E-5	0.8947156356930073	0.004895744293255505	6.124618538218819E-5	1.4460771902610409E-5	3.473444161369267E-5
38	file:/C:/Users/802925/Downloads/mallet-2.0.8RC3/sample-data/kek/love.mail.ru.txt.parsed.txt	1.7923071850322472E-4	1.126562192896222E-4	6.971105264039475E-5	8.495534116037862E-5	1.846778870615521E-4	3.76893649841939E-5	0.9936554531793037	9.420834871971058E-5	5.8557345994197094E-5	1.2762116861332953E-4	1.2689677287171887E-4	3.5213066070032945E-5	2.453709883671566E-4	7.59207016700374E-5	1.280263430305279E-4	6.731316640617031E-5	1.6940382235777022E-4	1.3219284232982966E-4	9.556048617141892E-5	2.085462661830113E-4	1.4480585817474547E-5	0.0038187533936851763	1.5392369962960955E-4	3.6342761542779E-5	8.729447759701805E-5
39	file:/C:/Users/802925/Downloads/mallet-2.0.8RC3/sample-data/kek/mamba.ru.txt.parsed.txt	1.3582100395205954E-4	8.537086127389802E-5	5.2827022260712155E-5	6.437914116426837E-5	1.3994886723613608E-4	2.8560993523979613E-5	0.9630416355900434	7.139106851009246E-5	4.437474551304031E-5	9.671129698833195E-5	9.61623500348978E-5	2.6684454683899673E-5	1.8594208771269705E-4	5.7532693099055766E-5	9.7018338083626E-5	5.100990453438151E-5	0.0022717387207156557	1.001757104499402E-4	7.241571801050108E-5	0.03230850437187734	1.0973385142725753E-5	7.504860492634812E-4	1.1664334992515628E-4	2.754053769550521E-5	6.615173830530753E-5
40	file:/C:/Users/802925/Downloads/mallet-2.0.8RC3/sample-data/kek/maximonline.ru.txt.parsed.txt	1.3788984132316945E-4	8.667123767421987E-5	0.04357388073248921	6.535976985412558E-5	0.021902205102790957	0.010909058298172052	0.1617061001445135	7.247850348847976E-5	0.04356529970992537	0.1176028568318299	9.762710333267323E-5	2.709091462360993E-5	0.509375688193523	5.840903609520926E-5	0.0740829195053812	5.178689184655545E-5	1.3032959070590928E-4	0.013157776308929602	7.351876053939273E-5	1.6044354334269716E-4	1.1140532701720873E-5	0.002937929970403426	1.1842007159849769E-4	2.7960037566269184E-5	6.715936734932644E-5
41	file:/C:/Users/802925/Downloads/mallet-2.0.8RC3/sample-data/kek/mirtesen.ru.txt.parsed.txt	5.891630081510921E-4	3.7032087801628E-4	2.2915253488901876E-4	2.792632020590288E-4	6.070688126947059E-4	1.2389159534051972E-4	0.5421634763384502	3.096794711764387E-4	1.9248833237626474E-4	0.009716978805200999	4.1713209127386636E-4	1.1575156371239173E-4	0.19605335319222003	2.4956474732904725E-4	4.2084518776892756E-4	2.2127025958064658E-4	0.00985432576321237	4.3454120640421467E-4	3.1412418564913044E-4	0.18663483833312366	4.760024158392161E-5	0.04974277845112539	5.059743701127565E-4	1.1946507213648343E-4	2.869523564126756E-4
42	file:/C:/Users/802925/Downloads/mallet-2.0.8RC3/sample-data/kek/moscow-faq.ru.txt.parsed.txt	1.116508485537394E-4	7.017860879867062E-5	0.001805366210065892	5.292249012302004E-5	1.1504413401747846E-4	2.3478394870470436E-5	0.6788984846863377	0.0018206266738824146	3.647799564665243E-5	0.005365321158291477	7.904968795627316E-5	2.193579727700155E-5	1.5285258738261345E-4	4.729440820772285E-5	7.97533478410587E-5	0.02647103344744396	1.0552923445515101E-4	8.234884701748608E-5	5.9528910324905256E-5	0.05827393514659453	9.0206059964391E-6	0.11690497725220901	0.10405035013666315	2.2639535225455652E-5	0.0053401998548177395
43	file:/C:/Users/802925/Downloads/mallet-2.0.8RC3/sample-data/kek/my.mail.ru.txt.parsed.txt	0.0031955867548297138	3.13240612459893E-5	1.9383157860253736E-5	2.3621832211856925E-5	5.134968563274739E-5	1.047952775738222E-5	0.06001546786466211	0.805338618154531	1.6281869779503472E-5	3.548506533537575E-5	0.03935717932696661	9.79099285589454E-6	0.05040025187239225	2.110975074387044E-5	3.55977240801806E-5	1.871642560405525E-5	4.710273201337859E-5	3.6756219190842667E-5	2.6570592732520216E-5	5.7986288335710224E-5	4.026326818746358E-6	0.012858373067192758	0.028354563373463235	1.0105104676802007E-5	2.4272229087111982E-5
44	file:/C:/Users/802925/Downloads/mallet-2.0.8RC3/sample-data/kek/nation-news.ru.txt.parsed.txt	1.0534033443960637E-4	6.621210870421702E-5	4.0971690905451934E-5	0.010024061841844682	1.0854183116112283E-4	2.215139427776128E-5	0.10192404387649223	0.08151076899914078	3.441625666871097E-5	0.008386782992837538	0.5336905654017867	2.0695984412931353E-5	0.05167722111074405	4.46213248019057E-5	0.008387021128403643	0.04326079468414679	9.956471441693246E-5	7.769448417011098E-5	5.616433196593771E-5	0.00344728031359296	8.510760686744358E-6	0.0886868832417507	0.06824702514394358	2.1359947041144758E-5	5.130610166379017E-5
45	file:/C:/Users/802925/Downloads/mallet-2.0.8RC3/sample-data/kek/neva.today.txt.parsed.txt	9.366277512307557E-5	5.8872129853956514E-5	3.6429752118260365E-5	0.4863306840554005	9.650936820710053E-5	1.9695789575170166E-5	0.06845409193252955	0.038479151011207434	3.0601024062512664E-5	6.669254532146135E-5	0.1434394748622348	1.8401719952108308E-5	0.008996669440493241	0.01038619156793559	0.0030230519291116888	3.517665956246144E-5	8.852741455812329E-5	6.908162042432616E-5	0.0015280120282342824	0.05479771402430279	7.567295742599579E-6	0.15128106854494325	0.03259806189423407	1.899207864678411E-5	4.56185362249092E-5
46	file:/C:/Users/802925/Downloads/mallet-2.0.8RC3/sample-data/kek/new.rashodnik.ru.txt.parsed.txt	1.305062759997876E-4	8.203026674492466E-5	5.075988062816025E-5	6.185996069046058E-5	0.5644357904672118	2.744339089839358E-5	0.05831053181584611	6.859750863118689E-5	4.263834470984529E-5	9.292694686244283E-5	9.239948041373799E-5	2.5640281742506056E-5	1.7866610253871551E-4	5.528141676265817E-5	9.322197332197237E-5	0.010346483171298285	1.2335085291556412E-4	9.625579649719899E-5	6.958206320384025E-5	1.518522985372932E-4	1.0543992375391506E-5	0.3611325448783662	0.0042310667724800915	2.6462865897683977E-5	6.356319542583732E-5
47	file:/C:/Users/802925/Downloads/mallet-2.0.8RC3/sample-data/kek/nika-sport.spb.ru.txt.parsed.txt	1.5741437250242865E-4	9.894346357626642E-5	6.122567436828121E-5	7.46143955186462E-5	1.6219850006540907E-4	3.310173495117214E-5	0.07281726213578069	0.005050991580749728	5.1429620726082695E-5	1.1208684729416214E-4	0.005079701100071825	3.09268564317063E-5	2.1550390740313709E-4	6.667947165049166E-5	0.0497949474382342	5.9119663969813376E-5	0.01753766028447847	0.022473229177966417	0.10690131384033996	0.4671987060801378	1.2717977972533272E-5	0.23934582406374078	1.3518777803711896E-4	0.012452545226762451	7.666880727041595E-5
48	file:/C:/Users/802925/Downloads/mallet-2.0.8RC3/sample-data/kek/ntv.ru.txt.parsed.txt	3.3822380584099496E-5	2.1259199069219924E-5	1.3155076166696302E-5	0.010690918454617025	3.485030821628256E-5	7.112307851656043E-6	0.04713658452207347	0.05926339883382227	1.1050275637738373E-5	0.002692804876394545	0.6890878797641562	6.645008914207231E-6	0.045948316213776985	1.4326890432287604E-5	2.4159673826733445E-5	0.044847226503886145	3.196796062658534E-5	2.4945928137273596E-5	1.8033086956760462E-5	0.017119173116786093	2.7326112883407637E-6	0.03808273493704591	0.044863570657621275	6.858192181799072E-6	1.6473219930340066E-5
49	file:/C:/Users/802925/Downloads/mallet-2.0.8RC3/sample-data/kek/obi.ru.txt.parsed.txt	5.0712509728175716E-5	3.187556053100168E-5	1.972442260294673E-5	2.40377241191424E-5	5.2253761087385216E-5	1.0664032953565991E-5	0.04666700079212068	2.6655820167555346E-5	1.656853246578623E-5	3.610982430284786E-5	3.5904859850323945E-5	9.963375533772191E-6	0.004070847280269673	2.148141431426793E-5	0.06565952369311898	1.904595169128781E-5	0.7363093379912113	3.7403358412169004E-5	2.7038401257706787E-5	5.9007209483403374E-5	4.097215339373584E-6	0.145931927537985	4.355200481285203E-5	1.0283017686244394E-5	8.249837089544697E-4
50	file:/C:/Users/802925/Downloads/mallet-2.0.8RC3/sample-data/kek/ok_ruLEMMAZ.txt	8.69776843250362E-5	0.004172403351106792	3.382961347897037E-5	4.12274129506445E-5	8.96211045561666E-5	0.004136023184564631	0.23788561730541927	4.571774349930137E-5	2.8416905301328474E-5	0.01241513191809992	6.158089162881752E-5	1.708831482869307E-5	0.02757062887697197	0.01650777570515844	6.212905322475569E-5	3.266595920324435E-5	8.220885519813138E-5	0.005554461870104181	4.637391329776496E-5	1.0120403164541559E-4	0.5751170922990904	0.08558041844019688	0.03027140647198433	1.763653723739898E-5	4.23625569275156E-5
51	file:/C:/Users/802925/Downloads/mallet-2.0.8RC3/sample-data/kek/parter.ru.txt.parsed.txt	1.3501091286432486E-5	8.48616751255271E-6	5.251194065566033E-6	0.005545909202484995	1.3911415591176259E-5	0.9826266342550408	0.006884553747287966	7.09652634677126E-6	4.4110076685579E-6	9.613447192082499E-6	9.558879910777911E-6	2.652529786506098E-6	1.8483305432531313E-5	5.718954498074727E-6	9.643968169955069E-6	5.070566095020004E-6	1.2760850868773915E-5	9.957822222734076E-6	7.198380154643988E-6	1.5709372816751973E-5	1.090793546080807E-6	0.004335762282310029	1.1594764207829599E-5	2.7376274853313105E-6	4.326918480179374E-4
52	file:/C:/Users/802925/Downloads/mallet-2.0.8RC3/sample-data/kek/pikabu.ru.txt.parsed.txt	0.024893126938990092	2.827739799614835E-5	1.7497899296399347E-5	2.1324308671451122E-5	4.6355275780218824E-5	9.460260433028087E-6	0.10813415933426095	0.07172827637025196	1.4698250915194792E-5	0.0319796408946158	0.010681054264809961	8.838694305612255E-6	0.20736606302099478	1.905655906800218E-5	0.007841550486866711	0.47497132310111156	0.00501214917954821	3.3181209509549276E-5	2.3986264737215162E-5	5.234638448417153E-5	3.6347153398199414E-6	0.04355533999190266	0.013527625495171829	9.12225475792214E-6	2.1911446180620476E-5
53	file:/C:/Users/802925/Downloads/mallet-2.0.8RC3/sample-data/kek/playbuzz.com.txt.parsed.txt	4.929216461872464E-4	3.098279665964341E-4	0.6224876800359841	2.3364480691081714E-4	5.079024894001347E-4	1.0365357002921664E-4	0.0024350431703204444	2.590924966618733E-4	1.610448455759355E-4	3.5098468078780096E-4	3.4899244226737486E-4	0.35791702034025247	6.748211050125004E-4	2.087976746364064E-4	3.520989944634155E-4	1.8512516756109828E-4	4.658956438067371E-4	3.6355773161852485E-4	2.6281115507117666E-4	5.735454819999735E-4	3.982461409803936E-5	0.0027236642940298966	4.233220959123326E-4	9.995013129590763E-5	0.008018777419520269
54	file:/C:/Users/802925/Downloads/mallet-2.0.8RC3/sample-data/kek/podrygka.ru.txt.parsed.txt	0.012750056062512683	0.056859379946998426	0.027388239175110768	6.31607525108417E-5	1.373003057794781E-4	2.802047077373946E-5	0.021686269715284257	7.00399776714191E-5	4.353494421320887E-5	9.488101555279519E-5	9.434245753477244E-5	2.61794458219954E-5	1.8242309498047718E-4	5.644387490102932E-5	9.51822458314198E-5	5.004453146830584E-5	1.259446757812541E-4	9.82798642681818E-5	0.7886213889445297	1.5504545006274904E-4	1.0765711543702993E-5	0.08695112052335074	0.004320037683351962	2.7019327284327857E-5	6.489980288184508E-5
55	file:/C:/Users/802925/Downloads/mallet-2.0.8RC3/sample-data/kek/postila.ru.txt.parsed.txt	0.09644413559884923	0.012247099664678534	1.4797873247671857E-4	0.012188297786370901	0.03641590189981211	8.000488081830594E-5	0.22402673266720477	1.9998022557744758E-4	1.2430226641565274E-4	0.17438631736412918	2.693693882634315E-4	7.474833166760963E-5	0.15062035145294475	1.611602289213633E-4	2.717671767634322E-4	1.4288863338734846E-4	0.1384511332632195	2.806115889738791E-4	2.0285046750694838E-4	4.42690376398534E-4	3.0738579516852023E-5	0.152201748553947	3.2674064020829556E-4	7.714638617704303E-5	1.8530384577120464E-4
56	file:/C:/Users/802925/Downloads/mallet-2.0.8RC3/sample-data/kek/putevka.travel.txt.parsed.txt	3.396741992710382E-5	2.1350364156140132E-5	1.3211488624111747E-5	1.6100553366877387E-5	3.499975558574313E-5	7.142807315036029E-6	0.005528131458210489	1.7854163439867416E-5	1.1097662151958715E-5	2.4186489135782224E-5	2.404920321429409E-5	6.6735044757416425E-6	5.825353513120538E-4	1.4388327940224903E-5	2.4263276919079804E-5	1.2757046387113975E-5	0.0011041713873758	2.50529028967429E-5	1.8110417618865838E-5	3.9523239413563275E-5	2.7443294506670863E-6	0.01198041848858603	2.917128819052451E-5	6.887601929754932E-6	0.9804212114723765
57	file:/C:/Users/802925/Downloads/mallet-2.0.8RC3/sample-data/kek/quelle.ru.txt.parsed.txt	1.4548784185576741E-4	0.8312126782618945	5.658689920367837E-5	0.002364876224789652	1.4990949906048024E-4	3.059377554392855E-5	0.048932928034225213	7.647221109466032E-5	4.753304547704484E-5	1.0359456543901681E-4	1.0300654808364059E-4	2.858367711984298E-5	1.9917621181054368E-4	6.162748847068069E-5	1.0392345968228959E-4	5.464045109396613E-5	0.0345762360591995	1.0730555286481555E-4	7.756978834806993E-5	1.6928429706372476E-4	1.1754397889967174E-5	0.08116092578956373	1.2494524965687935E-4	2.950069044019686E-5	7.085998012828526E-5
58	file:/C:/Users/802925/Downloads/mallet-2.0.8RC3/sample-data/kek/radiocent.ru.txt.parsed.txt	0.05047948195037991	0.0017459818486957666	4.138446496108367E-5	5.0434345865426155E-5	1.0963534843766048E-4	2.2374561070536056E-5	0.10462999216531811	5.592745997889635E-5	3.4762987241232114E-5	7.576321947131883E-5	7.533317675856149E-5	2.0904488510092748E-5	0.03540682248885391	4.507086751784211E-5	0.0017551064325789605	3.996094264887828E-5	1.005677906888523E-4	0.5441077450334211	5.67301660473508E-5	1.2380498240553876E-4	8.596503333131236E-6	0.26084884273944875	9.137790512018112E-5	2.1575140306870562E-5	5.1822990940127046E-5
59	file:/C:/Users/802925/Downloads/mallet-2.0.8RC3/sample-data/kek/rainbowsky.ru.txt.parsed.txt	8.386951381920464E-5	5.271653441684061E-5	3.262070331247206E-5	3.9754140467485895E-5	8.641847073068381E-5	1.7636422728071723E-5	0.02423782643042919	4.408400786883001E-5	2.740141969016265E-5	0.004030304138828035	5.9380282213094023E-5	1.647765938808117E-5	1.1481929923369067E-4	3.552645657537969E-5	5.9908855109722177E-5	3.149863252941849E-5	7.927110005981184E-5	0.9463845886706005	0.00269177331706226	9.758747886325581E-5	6.776068870733279E-6	0.017669293198548198	0.004042612187955844	1.7006290924316755E-5	4.0848719774739E-5
60	file:/C:/Users/802925/Downloads/mallet-2.0.8RC3/sample-data/kek/rashodnika.net.txt.parsed.txt	4.508384081720587E-4	2.833763709667985E-4	1.7535174922500075E-4	2.1369735664910678E-4	0.6763507996632373	9.480413545395674E-5	0.12317521857254621	0.007351564651420173	1.472956247415217E-4	3.210193263029082E-4	3.191971753582391E-4	8.857523300943278E-5	6.17208181336746E-4	0.007305563755179059	3.220385053298475E-4	1.6932008667382934E-4	4.261197536217276E-4	3.3251895158054653E-4	2.403736247304917E-4	5.245789754197947E-4	3.642458343005334E-5	0.18035593627102647	3.871809269108003E-4	9.141687819673836E-5	2.1958123948123866E-4
61	file:/C:/Users/802925/Downloads/mallet-2.0.8RC3/sample-data/kek/rasteam.ru.txt.parsed.txt	0.020264646728908577	1.1427226027991055E-4	7.071104997079873E-5	8.617401612146663E-5	0.7690733914680132	3.8230014751214856E-5	0.0381948165658138	9.55597570495697E-5	5.939734463791012E-5	1.2945188014446506E-4	1.2871709302615973E-4	3.5718193603352784E-5	2.488908080231799E-4	7.700977572812214E-5	1.2986286674380955E-4	0.0029372566185521163	1.7183390142990628E-4	1.3408913401416643E-4	9.693129076328863E-5	2.1153783927723086E-4	1.4688308217462656E-5	0.16740527056523105	1.5613171805546128E-4	3.686409443255418E-5	8.854670721125636E-5
62	file:/C:/Users/802925/Downloads/mallet-2.0.8RC3/sample-data/kek/redcube.ru.txt.parsed.txt	0.5031630818083338	0.1067959443999615	2.7990007460005552E-5	3.411081231426444E-5	7.415087336603493E-5	1.5132831410713376E-5	0.04691698289873225	3.7826030214490415E-5	2.3511631070479008E-5	5.124176620841645E-5	5.095091072074691E-5	1.413856117012307E-5	0.025082729064378435	3.0483272388313334E-5	0.03298513452535766	2.7027221057533478E-5	0.14088810533314428	5.307736008604213E-5	0.02161564036208471	8.373437676131661E-5	5.814167046754668E-6	0.12191174700929001	6.180261719944139E-5	1.4592150429100544E-5	3.505000981353689E-5
63	file:/C:/Users/802925/Downloads/mallet-2.0.8RC3/sample-data/kek/resetters.com.txt.parsed.txt	0.018637160938812646	4.3503942590498675E-5	2.692000185266589E-5	3.280681979124257E-5	0.1999498176837804	1.4554331584033234E-5	0.05932245366789081	3.638001186345078E-5	2.2612825412100346E-5	4.928288937527027E-5	4.900315274861485E-5	1.3598070434157275E-5	0.015386005282394918	2.9317953928424968E-5	4.943935374710952E-5	2.5994020972692786E-5	6.541790776341423E-5	0.005512209553997961	3.6902160666637194E-5	8.053336823033558E-5	5.59190232064031E-6	0.15438718550128938	5.944001879548742E-5	0.5461301585262295	3.371011352764332E-5
